data;
template template-toplevel;
float x;
float y;
float voiceno;
array pitch template-pitch;
array amp template-amp;
;
template template-pitch;
float x;
float y;
float w;
;
template template-amp;
float x;
float y;
float w;
;
;
template-toplevel -163 111.75 777;
-2 4.5 1;
170 4 1;
;
1 -0.25 0;
27 -0.25 2.5;
169 -1 0;
;
template-toplevel -135 100.75 0;
-2 4.5 1;
170 4 1;
;
1 -0.25 0;
27 -0.25 2.5;
169 -1 0;
;
template-toplevel -90 89 9;
-2 4.5 1;
170 4 1;
;
1 -0.25 0;
27 -0.25 2.5;
169 -1 0;
;
template-toplevel 15 88.25 99;
-2 4.5 1;
170 4 1;
;
1 -0.25 0;
27 -0.25 2.5;
169 -1 0;
;
template-toplevel 40 83 900;
-2 4.5 1;
170 4 1;
;
1 -0.25 0;
27 -0.25 2.5;
169 -1 0;
;
template-toplevel 56 78.5 909;
-2 4.5 1;
170 4 1;
;
1 -0.25 0;
27 -0.25 2.5;
169 -1 0;
;
template-toplevel 68 94.25 90;
-2 4.5 1;
170 4 1;
;
1 -0.25 0;
27 -0.25 2.5;
169 -1 0;
;
template-toplevel 219 71.25 990;
-2 4.5 1;
170 4 1;
;
1 -0.25 0;
27 -0.25 2.5;
169 -1 0;
;
template-toplevel 297 106.5 0;
-2 4.5 1;
170 4 1;
;
1 -0.25 0;
27 -0.25 2.5;
169 -1 0;
;
template-toplevel 343 47.5 900;
-2 4.5 1;
170 4 1;
;
1 -0.25 0;
27 -0.25 2.5;
169 -1 0;
;
template-toplevel 362 53 99;
-2 4.5 1;
170 4 1;
;
1 -0.25 0;
27 -0.25 2.5;
169 -1 0;
;
template-toplevel 533 101.25 9;
-2 4.5 1;
170 4 1;
;
1 -0.25 0;
27 -0.25 2.5;
169 -1 0;
;
template-toplevel 534 69.5 990;
-2 4.5 1;
170 4 1;
;
1 -0.25 0;
27 -0.25 2.5;
169 -1 0;
;
template-toplevel 563 91.25 90;
-2 4.5 1;
170 4 1;
;
1 -0.25 0;
27 -0.25 2.5;
169 -1 0;
;
template-toplevel 586 80.75 909;
-2 4.5 1;
170 4 1;
;
1 -0.25 0;
27 -0.25 2.5;
169 -1 0;
;
template-toplevel 688 87.75 99;
-2 4.5 1;
170 4 1;
;
1 -0.25 0;
27 -0.25 2.5;
169 -1 0;
;
template-toplevel 729 77.5 900;
-2 4.5 1;
170 4 1;
;
1 -0.25 0;
27 -0.25 2.5;
169 -1 0;
;
template-toplevel 738 65.75 990;
-2 4.5 1;
170 4 1;
;
1 -0.25 0;
27 -0.25 2.5;
169 -1 0;
;
template-toplevel 774 73.25 9;
-2 4.5 1;
170 4 1;
;
1 -0.25 0;
27 -0.25 2.5;
169 -1 0;
;
template-toplevel 775 71.25 0;
-2 4.5 1;
170 4 1;
;
1 -0.25 0;
27 -0.25 2.5;
169 -1 0;
;
template-toplevel 812 60.75 909;
-2 4.5 1;
170 4 1;
;
1 -0.25 0;
27 -0.25 2.5;
169 -1 0;
;
template-toplevel 834 82.25 777;
-2 4.5 1;
170 4 1;
;
1 -0.25 0;
27 -0.25 2.5;
169 -1 0;
;
template-toplevel 894 57 990;
-2 4.5 1;
170 4 1;
;
1 -0.25 0;
27 -0.25 2.5;
169 -1 0;
;
template-toplevel 902 80.75 9;
-2 4.5 1;
170 4 1;
;
1 -0.25 0;
27 -0.25 2.5;
169 -1 0;
;
template-toplevel 924 73.5 90;
-2 4.5 1;
170 4 1;
;
1 -0.25 0;
27 -0.25 2.5;
169 -1 0;
;
template-toplevel 947 63 909;
-2 4.5 1;
170 4 1;
;
1 -0.25 0;
27 -0.25 2.5;
169 -1 0;
;
template-toplevel 1011 54 900;
-2 4.5 1;
170 4 1;
;
1 -0.25 0;
27 -0.25 2.5;
169 -1 0;
;
template-toplevel 1042 49.5 99;
-2 4.5 1;
170 4 1;
;
1 -0.25 0;
27 -0.25 2.5;
169 -1 0;
;
